15
0 9999 9999 9999 9999 9999 4 2 9999 9999 9999 9999 9999 9999 9999 
9999 0 9999 9999 9999 9999 3.1 9999 9999 9999 9999 9999 9999 9999 9999 
9999 9999 0 2.3 9999 9999 9999 9999 9999 9999 9999 9999 9999 9999 9999 
9999 9999 2.3 0 1 9999 1.7 9999 9999 9999 9999 9999 9999 9999 9999 
9999 9999 9999 1 0 9999 1.5 9999 9999 9999 9999 9999 9999 9999 9999 
9999 9999 9999 9999 1.5 0 9999 9999 2.2 3.2 9999 5 9999 9999 1.6 
4 3.1 9999 1.7 1.5 9999 0 1.8 1.8 9999 9999 9999 9999 9999 9999 
2 9999 9999 9999 9999 9999 1.8 0 9999 9999 9999 9999 9999 9999 9999 
9999 9999 9999 9999 9999 2.2 1.8 0 9999 2.1 9999 9999 9999 9999 
9999 9999 9999 9999 9999 3.2 9999 9999 2.1 0 2 9999 9999 4 9999 
9999 9999 9999 9999 9999 9999 9999 9999 9999 2 0 2.3 3.1 9999 9999 
9999 9999 9999 9999 9999 5 9999 9999 9999 9999 2.3 0.7 9999 9999 9999 
9999 9999 9999 9999 9999 9999 9999 9999 9999 9999 3.1 0.7 9999 1.5 3 
9999 9999 9999 9999 9999 9999 9999 9999 9999 4 0 9999 1.5 9999 2.4 
9999 9999 9999 9999 9999 1.6 9999 9999 9999 9999 9999 9999 3 2.4 0 
